#
# A Night in the Lonesome October resolution
#
# Algorithm: Angles
# Points: 29 (0 disabled)
# Center: 291.681630 436.385845 (-243.790975)
#
80.640752 163.510661
88.954588 102.256609
122.619268 389.011491
133.314709 372.339198
145.979767 234.229350
161.407698 34.328995
176.148517 135.877631
230.102798 360.848900
241.000000 120.000000
309.535113 120.309276
319.109258 77.545677
372.548736 392.191766
389.743619 201.755211
389.855275 367.362006
394.439413 405.160292
395.000000 322.000000
395.367186 95.950220
442.242256 145.503215
498.318370 207.614155
525.310965 303.187470
550.972696 181.448115
556.678145 65.019504
605.827049 250.511715
664.000000 199.000000
695.484139 450.826999
698.886058 352.593766
702.052426 338.089398
727.000000 341.000000
780.347270 376.618920
