#
# A Night in the Lonesome October resolution
#
# Algorithm: Angles
# Points: 27 (0 disabled)
# Center: 313.244332 347.804359 (-194.304111)
#
48.389948 174.182338
67.708333 408.750000
69.239091 353.081154
85.041667 250.041667
116.458333 312.875000
126.997281 75.392254
137.667300 110.951087
187.416667 313.958333
204.307649 176.637685
216.666667 383.291667
228.583333 287.958333
250.250000 407.666667
257.982488 109.129831
263.610434 363.607219
270.913833 317.881346
408.326459 32.565278
509.708333 244.083333
523.791667 205.625000
528.125000 167.708333
563.875000 49.625000
629.416667 342.125000
630.500000 124.916667
635.916667 274.958333
667.635713 429.012623
704.279503 332.140963
713.916667 50.708333
722.727432 165.307303
