#
# A Night in the Lonesome October resolution
#
# Algorithm: Angles
# Points: 30 (0 disabled)
# Center: 568.678199 237.064599 (-132.438323)
#
46.430747 339.020168
73.202400 134.983926
97.389426 74.438777
166.877242 167.746053
177.000000 234.000000
227.293467 214.335768
256.510978 401.855731
273.216186 283.992284
288.351626 411.113936
315.510179 374.722562
318.000000 93.000000
345.000000 53.000000
368.916056 37.580798
385.277358 79.101586
406.687930 325.981894
409.321801 172.935401
450.000000 240.000000
489.000000 205.000000
498.000000 169.000000
539.829906 283.141336
545.631204 447.250271
595.637827 418.620329
600.375698 117.559308
602.064281 333.957565
617.000000 362.000000
648.724364 341.796633
657.462342 168.368020
704.545393 36.377683
763.703871 199.639610
803.941999 82.951378
